7
0
0
0
0
18
8
5
0
5
0
0
0
5
5
0
0
0
0
0
0
18
0
0
0
0
0
18
0
4
0
0
0
0
0
0
0
4
0
0
0
0
2
0
0
0
5
30
0
0
0
0
0
0
0
0
0
0
4
0
0
0
0
15
0
0
0
0
0
0
0
0
0
25
0
0
0
0
5
0
0
0
0
0
0
5
0
0
0
0
0
0
2
0
0
5
0
0
0
0
0
0
100
0
0
0
10
0
18
0
0
4
0
18
0
54
0
0
0
0
0
0
27
0
0
20
10
0
0
18
0
2
0
0
35
5
0
0
0
0
0
20
0
18
0
0
20
0
0
0
0
0
0
18
0
0
0
0
0
4
0
44
0
0
18
0
0
10
0
0
0
0
0
0
0
0
0
0
0
5
0
0
0
0
0
0
4
2
10
0
0
0
0
0
0
0
10
50
0
0
0
0
0
0
0
18
150
18
0
0
0
10
0
0
0
0
18
0
0
0
26
0
0
18
0
0
0
0
0
18
0
23
0
0
0
0
18
0
0
0
0
0
0
10
0
20
0
60
4
0
0
0
0
0
0
18
0
0
18
0
0
18
0
0
0
0
0
0
0
0
50
0
4
28
0
0
0
0
0
0
0
45
0
54
120
0
0
54
0
6
0
0
0
21
54
0
0
0
0
4
0
0
0
40
0
0
0
0
0
0
4
0
4
0
0
0
175
0
0
0
0
0
0
0
18
0
44
24
0
0
0
20
0
0
0
0
10
2
5
5
2
30
0
0
18
0
0
0
0
20
0
0
0
13
0
0
0
0
104
0
0
0
50
0
0
0
4
0
0
0
0
0
18
0
4
4
18
70
44
0
0
4
0
70
0
18
5
0
4
0
0
4
0
0
0
0
0
0
8
0
18
0
0
8
0
0
0
0
0
2
0
0
0
0
0
0
0
34
0
0
5
0
0
8
64
0
0
10
0
0
0
2
0
0
0
64
0
0
10
0
0
0
0
0
0
0
2
10
5
2
13
4
0
0
0
30
0
0
0
14
0
12
0
0
0
0
10
0
0
0
0
4
0
0
0
0
0
0
10
4
20
18
0
0
20
0
50
0
0
0
0
0
0
0
0
0
52
0
0
8
0
0
0
0
0
0
0
0
0
0
0
0
0
0
0
0
2
0
0
0
0
0
0
0
18
4
0
0
2
18
0
0
15
2
0
0
0
0
0
0
0
5
20
4
4
0
0
18
0
0
0
0
0
0
0
0
18
0
250
0
2
0
0
0
0
5
0
0
0
14
0
0
0
0
0
0
10
0
0
0
0
0
0
0
0
0
0
0
0
5
0
0
0
0
0
4
0
0
0
0
200
0
0
0
14
0
0
5
0
0
50
0
5
0
0
8
0
0
0
0
0
0
0
0
0
0
0
0
2
0
0
4
0
0
0
0
8
0
0
20
0
0
0
0
0
0
0
0
0
0
5
0
20
0
0
0
0
18
0
0
0
0
0
25
5
8
0
0
0
0
0
0
0
0
0
0
4
0
0
0
30
0
5
0
0
0
0
0
0
0
0
0
0
0
18
0
0
4
0
0
0
0
0
0
0
0
2
0
4
5
0
200
0
0
0
0
0
0
4
5
4
0
0
0
20
5
0
0
0
0
0
0
0
14
0
0
0
0
24
0
0
0
0
0
0
0
0
0
0
0
0
0
0
0
0
0
20
10
0
10
70
0
0
0
0
23
0
0
0
0
0
0
0
0
18
0
0
0
18
0
0
20
0
0
0
10
18
0
0
10
0
0
0
0
0
0
0
0
25
0
0
0
0
8
8
0
0
0
0
0
10
0
0
13
0
0
0
2
5
0
20
2
5
0
0
0
0
0
0
0
40
10
0
0
0
18
0
0
0
0
0
0
50
0
0
4
10
0
4
10
25
0
6
7
18
0
0
0
0
10
0
26
0
0
0
0
0
0
0
0
0
0
4
0
0
0
0
2
0
0
14
0
0
0
0
0
25
0
0
10
14
0
0
0
0
0
0
0
0
0
0
10
18
0
0
0
0
4
0
15
4
0
20
0
0
0
0
0
0
0
0
0
0
0
0
18
0
0
0
0
2
0
0
10
0
0
6
0
0
0
0
0
0
15
0
0
0
0
0
0
0
0
0
0
10
0
0
0
0
0
0
150
0
0
0
0
0
0
0
0
0
38
50
54
54
0
0
0
6
0
0
0
0
0
135
0
0
0
0
24
0
0
0
54
0
0
0
0
66
30
0
0
0
0
0
0
10
0
0
0
0
0
18
0
0
0
24
0
0
0
0
0
0
14
0
0
0
10
4
0
0
0
0
0
0
0
0
10
10
0
5
0
0
200
0
